# time load1 threads descendants
15:25:16 0.25 1 1
15:25:18 0.39 1 1
15:25:20 0.39 1 1
15:25:22 0.52 1 NA
15:25:24 0.52 1 1
15:25:26 0.52 1 1
15:25:28 0.88 1 1
15:25:30 0.88 1 1
15:25:32 1.21 1 1
15:25:34 1.21 1 1
15:25:36 1.21 1 1
15:25:38 1.27 1 3
15:25:40 1.27 1 3
15:25:42 1.33 1 1
15:25:44 1.33 1 1
15:25:46 1.33 1 1
15:25:48 1.70 1 1
15:25:50 1.70 1 1
15:25:52 1.65 1 1
15:25:54 1.65 2 1
15:25:56 1.84 1 3
15:25:58 1.84 1 NA
15:26:00 1.84 1 1
15:26:02 1.77 1 NA
15:26:04 1.77 1 2
15:26:06 2.03 1 1
15:26:08 2.03 1 1
15:26:10 2.03 1 1
15:26:12 2.27 1 1
15:26:14 2.27 1 1
15:26:16 2.57 1 2
15:26:18 2.57 1 1
15:26:20 2.57 1 1
15:26:22 2.68 1 2
15:26:24 2.68 1 1
15:26:26 2.63 1 3
15:26:29 2.63 1 1
15:26:31 2.63 1 1
15:26:33 2.58 1 1
15:26:35 2.58 1 1
15:26:37 2.69 1 1
15:26:39 2.69 1 NA
15:26:41 2.69 1 2
15:26:43 2.63 1 NA
15:26:45 2.63 1 1
15:26:47 2.74 1 2
15:26:49 2.74 1 1
15:26:51 2.74 1 1
15:26:53 2.68 1 1
15:26:55 2.68 1 2
15:26:57 2.63 1 1
15:26:59 2.63 1 2
15:27:01 2.63 1 1
15:27:03 2.58 1 1
15:27:05 2.58 1 1
15:27:07 2.69 1 1
15:27:09 2.69 1 3
15:27:11 2.69 1 1
15:27:13 2.80 1 1
15:27:15 2.80 1 1
15:27:17 3.05 1 1
15:27:19 3.05 1 1
15:27:21 3.05 1 1
15:27:23 2.97 1 1
15:27:25 2.97 1 1
15:27:27 2.89 1 1
15:27:29 2.89 1 1
15:27:31 2.89 1 1
15:27:33 2.90 1 1
15:27:35 2.90 1 1
15:27:37 2.83 1 1
15:27:39 2.83 1 1
15:27:41 2.83 1 1
15:27:43 2.76 1 1
15:27:45 2.76 1 1
15:27:47 2.70 1 1
15:27:49 2.70 1 1
15:27:51 2.64 1 1
15:27:53 2.64 1 1
15:27:55 2.64 1 1
15:27:57 2.59 1 2
15:27:59 2.59 1 1
15:28:01 2.54 1 2
15:28:03 2.54 1 NA
15:28:05 2.54 1 1
15:28:07 2.42 1 1
15:28:09 2.42 1 1
15:28:11 2.39 1 1
15:28:13 2.39 1 2
15:28:15 2.39 1 1
15:28:17 2.44 1 1
15:28:19 2.44 1 1
15:28:21 2.32 1 1
15:28:23 2.32 1 1
15:28:25 2.32 1 1
15:28:27 2.46 1 1
15:28:29 2.46 1 1
15:28:32 2.42 1 1
15:28:34 2.42 1 1
15:28:36 2.42 1 1
15:28:38 2.55 1 1
15:28:40 2.55 1 1
15:28:42 2.50 1 1
15:28:44 2.50 1 1
15:28:46 2.50 1 2
15:28:48 2.46 1 1
15:28:50 2.46 1 3
15:28:52 2.42 1 1
15:28:54 2.42 1 1
15:28:56 2.42 1 1
15:28:58 2.31 1 2
15:29:00 2.31 1 1
15:29:02 2.29 1 3
15:29:04 2.29 1 1
15:29:06 2.29 1 1
15:29:08 2.26 1 1
15:29:10 2.26 1 1
15:29:12 2.24 1 1
15:29:14 2.24 1 1
15:29:16 2.24 1 2
15:29:18 2.22 1 1
15:29:20 2.22 1 1
15:29:22 2.20 1 1
15:29:24 2.20 1 2
15:29:26 2.20 1 1
15:29:28 2.19 1 1
15:29:30 2.19 1 1
15:29:32 2.17 1 1
15:29:34 2.17 1 1
15:29:36 2.17 1 1
15:29:38 2.16 1 2
15:29:40 2.16 1 2
15:29:42 2.14 1 NA
15:29:44 2.14 1 1
15:29:46 2.14 1 1
15:29:48 2.21 1 1
15:29:50 2.21 1 1
15:29:52 2.28 1 1
15:29:54 2.28 1 2
15:29:56 2.28 1 2
15:29:58 2.25 1 1
15:30:00 2.25 1 1
15:30:02 2.23 1 1
15:30:04 2.23 1 1
15:30:06 2.23 1 1
15:30:08 2.21 1 1
15:30:10 2.21 1 1
15:30:12 2.20 1 1
15:30:14 2.20 1 NA
15:30:16 2.20 1 1
15:30:18 2.26 1 1
15:30:20 2.26 1 3
15:30:22 2.24 1 1
15:30:24 2.24 1 NA
15:30:26 2.24 1 1
15:30:28 2.38 1 1
15:30:30 2.38 1 1
15:30:32 2.35 1 2
15:30:34 2.35 1 1
15:30:36 2.32 1 1
15:30:38 2.32 1 1
15:30:40 2.32 1 1
15:30:42 2.30 1 1
15:30:44 2.30 1 1
15:30:46 2.27 1 1
15:30:48 2.27 1 NA
15:30:50 2.27 1 1
15:30:52 2.25 1 1
15:30:54 2.25 1 1
15:30:56 2.23 1 1
15:30:59 2.23 1 1
15:31:01 2.23 1 1
15:31:03 2.21 1 1
15:31:05 2.21 1 2
15:31:07 2.28 1 1
15:31:09 2.28 1 1
15:31:11 2.28 1 1
15:31:13 2.17 1 1
15:31:15 2.17 1 3
15:31:17 2.24 1 NA
15:31:19 2.24 1 1
15:31:21 2.24 1 2
15:31:23 2.22 1 1
15:31:25 2.22 1 1
15:31:27 2.20 1 1
15:31:29 2.20 1 1
15:31:31 2.20 1 1
15:31:33 2.18 1 1
15:31:35 2.18 1 1
15:31:37 2.17 1 1
15:31:39 2.17 1 1
15:31:41 2.17 1 1
15:31:43 2.16 1 1
15:31:45 2.16 1 1
15:31:47 2.06 1 1
15:31:49 2.06 1 3
15:31:51 2.06 1 1
15:31:53 2.06 1 1
15:31:55 2.06 1 1
15:31:57 2.05 1 1
15:31:59 2.05 1 2
15:32:01 2.05 1 1
15:32:03 2.13 1 1
15:32:05 2.13 1 1
15:32:07 2.12 1 NA
15:32:09 2.12 1 1
15:32:11 2.12 1 3
15:32:13 2.11 1 1
15:32:15 2.11 1 1
15:32:17 2.10 1 1
15:32:19 2.10 1 1
15:32:21 2.10 1 1
15:32:23 2.09 1 2
15:32:25 2.09 1 1
15:32:27 2.08 1 2
15:32:29 2.08 1 1
15:32:31 2.08 1 1
15:32:33 1.92 1 1
15:32:35 1.92 1 1
15:32:37 1.92 1 1
15:32:39 1.92 1 1
15:32:41 1.92 1 2
15:32:43 1.93 1 1
15:32:45 1.93 1 1
15:32:47 1.94 1 1
15:32:49 1.94 1 1
15:32:51 1.94 1 2
15:32:53 1.94 1 NA
15:32:55 1.94 1 1
15:32:57 2.03 1 1
15:32:59 2.03 1 1
15:33:01 2.03 1 1
15:33:03 2.02 1 2
15:33:05 2.02 1 1
15:33:07 2.02 1 1
15:33:09 2.02 1 1
15:33:11 2.02 1 1
15:33:13 2.02 1 1
15:33:15 2.02 1 1
15:33:17 2.02 1 1
15:33:19 2.02 1 1
15:33:21 2.02 1 1
15:33:23 2.02 1 3
15:33:25 2.02 1 1
15:33:27 2.02 1 1
15:33:30 2.02 1 1
15:33:32 2.01 1 3
15:33:34 2.01 1 2
15:33:36 2.01 1 1
15:33:38 2.01 1 1
15:33:40 2.01 1 1
15:33:42 2.01 1 1
15:33:44 2.01 1 1
15:33:46 2.01 1 1
15:33:48 2.01 1 1
15:33:50 2.01 1 3
15:33:52 2.01 1 1
15:33:54 2.01 1 1
15:33:56 2.01 1 1
15:33:58 2.01 1 1
15:34:00 2.01 1 2
15:34:02 2.33 1 1
15:34:04 2.33 1 1
15:34:06 2.33 1 1
15:34:08 2.22 1 1
15:34:10 2.22 1 1
15:34:12 2.20 1 1
15:34:14 2.20 1 1
15:34:16 2.20 1 1
15:34:18 2.19 1 3
15:34:20 2.19 1 1
15:34:22 2.09 1 2
15:34:24 2.09 1 1
15:34:26 2.09 1 NA
15:34:28 2.00 1 1
15:34:30 2.00 1 1
15:34:32 1.92 1 3
15:34:34 1.92 1 1
15:34:36 1.92 1 1
15:34:38 1.93 1 1
15:34:40 1.93 1 3
15:34:42 1.94 1 1
15:34:44 1.94 1 1
15:34:46 1.94 1 1
15:34:48 2.18 1 3
15:34:50 2.18 1 1
15:34:52 2.17 1 1
15:34:54 2.17 1 1
15:34:56 2.17 1 1
15:34:58 2.15 1 1
15:35:00 2.15 1 1
15:35:02 2.14 1 1
15:35:04 2.14 1 1
15:35:06 2.14 1 1
15:35:08 2.13 1 NA
15:35:10 2.13 1 1
15:35:12 2.12 1 1
15:35:14 2.12 1 1
15:35:16 2.12 1 1
15:35:18 2.11 1 1
15:35:20 2.11 1 1
15:35:22 2.10 1 1
15:35:24 2.10 1 1
15:35:26 2.10 1 1
15:35:28 2.09 1 1
15:35:30 2.09 1 1
15:35:32 2.08 1 1
15:35:34 2.08 1 1
15:35:36 2.08 1 1
15:35:38 2.08 1 1
15:35:40 2.08 1 1
15:35:42 2.07 1 1
15:35:44 2.07 1 1
15:35:46 2.07 1 2
15:35:48 1.98 1 3
15:35:51 1.98 1 3
15:35:53 1.91 1 3
15:35:55 1.91 1 3
15:35:57 1.91 1 NA
15:35:59 1.99 1 3
15:36:01 1.99 1 1
15:36:03 1.99 1 2
15:36:05 1.99 1 3
15:36:07 2.00 1 3
15:36:09 2.00 1 3
15:36:11 2.00 1 3
15:36:13 1.91 1 3
15:36:15 1.91 1 2
15:36:17 2.00 1 2
15:36:19 2.00 1 3
15:36:21 2.00 1 3
15:36:23 2.00 1 3
15:36:25 2.00 1 1
15:36:27 2.08 1 3
15:36:29 2.08 1 3
15:36:31 2.08 1 3
15:36:33 2.40 1 3
15:36:35 2.40 1 3
15:36:37 2.36 1 3
15:36:39 2.36 1 1
15:36:41 2.36 1 3
15:36:43 2.17 1 3
15:36:45 2.17 1 3
15:36:47 2.16 1 1
15:36:49 2.16 1 2
15:36:51 2.16 1 1
15:36:53 2.15 1 2
15:36:55 2.15 2 2
15:36:57 2.05 2 2
15:36:59 2.05 1 1
15:37:01 2.05 1 1
15:37:03 2.05 1 1
15:37:05 2.05 1 1
# pid 17391 exited 15:37:07
